# pyramidal 14E receipt radial analysis — rings NOT resolvable at 1M rays
# centre=(864,457) rmax=313 detrend_noise=0.862
# r_px	profile	detrend_snr
0	55.67	-22.17
1	45.00	-10.94
2	55.00	0.03
3	49.36	-1.41
4	47.37	-0.99
5	49.57	-3.00
6	48.90	-4.11
7	48.40	-5.07
8	48.49	-6.14
9	47.17	-7.69
10	49.43	-7.94
11	46.75	-8.29
12	49.57	-8.80
13	49.19	-9.57
14	49.77	-8.39
15	50.88	-7.58
16	52.76	-5.85
17	53.95	-3.84
18	57.01	-3.10
19	58.76	-1.19
20	55.37	-0.65
21	62.30	0.00
22	56.48	-0.96
23	59.98	0.00
24	55.05	-0.89
25	59.96	0.00
26	61.04	0.00
27	62.89	0.00
28	64.82	0.00
29	64.07	0.00
30	68.08	0.00
31	68.44	0.00
32	67.57	0.00
33	66.65	0.00
34	69.82	0.00
35	74.01	0.00
36	68.73	0.00
37	70.74	0.00
38	72.88	0.00
39	74.42	0.00
40	79.04	0.00
41	83.78	0.23
42	83.37	2.11
43	80.94	3.17
44	83.53	1.04
45	84.10	0.00
46	75.18	-0.42
47	79.91	0.00
48	79.34	-0.77
49	85.35	-0.29
50	80.79	0.88
51	77.25	2.05
52	84.95	0.91
53	84.38	1.58
54	80.45	2.95
55	83.65	3.05
56	83.16	2.73
57	85.39	2.87
58	82.99	3.94
59	81.05	5.16
60	88.28	5.38
61	88.42	5.10
62	86.34	5.96
63	81.76	4.76
64	84.77	4.10
65	83.11	3.37
66	85.57	3.15
67	83.22	2.84
68	80.80	2.54
69	83.42	1.66
70	81.61	1.23
71	81.12	0.44
72	81.01	0.09
73	77.38	0.00
74	81.89	0.10
75	80.78	-0.36
76	81.57	0.36
77	77.97	0.00
78	78.94	-0.42
79	79.23	0.19
80	77.91	0.23
81	83.38	0.00
82	77.14	0.00
83	74.77	0.00
84	76.25	0.00
85	74.11	0.00
86	74.21	-0.15
87	73.15	0.15
88	72.48	0.00
89	76.91	0.00
90	71.75	0.00
91	72.92	0.00
92	72.26	0.00
93	71.48	-0.13
94	71.33	0.13
95	69.28	0.00
96	73.47	0.00
97	69.83	0.00
98	68.14	0.00
99	70.62	0.00
100	66.33	0.00
101	69.73	0.00
102	69.50	0.00
103	66.19	0.00
104	67.99	0.00
105	64.48	-0.13
106	66.08	0.07
107	64.55	-0.53
108	66.74	0.00
109	65.14	0.00
110	66.43	0.28
111	65.82	0.31
112	65.40	0.00
113	65.53	0.00
114	63.70	0.00
115	66.32	-0.25
116	63.86	0.24
117	63.31	0.00
118	66.59	0.00
119	62.65	-0.17
120	63.71	0.17
121	62.94	-0.04
122	64.02	0.01
123	65.09	0.03
124	62.83	0.00
125	63.66	0.00
126	62.60	0.00
127	61.47	0.00
128	61.10	0.00
129	61.23	-0.20
130	61.19	0.00
131	60.74	0.20
132	61.48	0.00
133	61.97	0.00
134	59.60	0.00
135	60.20	0.00
136	60.23	0.00
137	60.15	0.00
138	60.76	0.00
139	58.84	0.00
140	59.42	0.00
141	57.60	0.00
142	58.55	0.00
143	59.58	-0.05
144	58.47	0.03
145	58.99	0.02
146	57.80	0.00
147	58.42	0.00
148	58.66	0.00
149	58.16	0.00
150	58.30	0.00
151	56.67	0.00
152	56.59	0.00
153	57.65	0.00
154	55.77	0.00
155	55.91	0.00
156	56.51	-0.23
157	55.34	0.00
158	55.00	-0.13
159	56.27	-0.16
160	55.33	-0.04
161	55.90	0.28
162	55.79	0.00
163	56.21	0.28
164	54.76	0.00
165	56.37	0.00
166	54.56	-0.14
167	55.40	-0.09
168	55.43	-0.36
169	54.87	-0.15
170	55.17	0.11
171	55.24	-0.03
172	56.43	-0.07
173	54.82	-0.06
174	54.69	0.03
175	55.10	-0.36
176	55.59	-0.21
177	54.75	0.08
178	55.45	-0.02
179	55.87	-0.19
180	54.61	0.03
181	54.83	0.03
182	55.72	0.01
183	55.40	-0.06
184	55.77	0.26
185	54.14	0.18
186	55.95	0.25
187	55.26	0.00
188	55.54	0.35
189	54.62	0.07
190	55.66	0.30
191	54.65	-0.01
192	55.86	-0.05
193	54.17	-0.12
194	54.40	0.07
195	55.35	-0.26
196	55.27	0.04
197	54.42	0.14
198	55.27	-0.00
199	54.70	0.00
200	54.65	0.17
201	55.29	-0.05
202	54.63	0.09
203	54.13	0.00
204	55.10	-0.07
205	53.77	0.07
206	54.04	0.00
207	54.91	0.00
208	53.70	0.00
209	54.82	0.00
210	53.35	-0.12
211	53.82	0.12
212	53.95	-0.21
213	54.24	0.15
214	53.12	0.02
215	54.23	0.04
216	53.18	-0.11
217	53.86	-0.07
218	52.92	-0.11
219	53.17	-0.10
220	53.76	0.00
221	53.16	0.10
222	54.25	0.05
223	53.32	0.03
224	52.74	0.21
225	53.56	0.00
226	53.93	-0.00
227	53.08	0.00
228	52.67	0.00
229	52.76	0.00
230	52.86	-0.12
231	53.23	0.00
232	52.53	0.00
233	52.96	0.12
234	52.65	0.00
235	53.18	0.00
236	52.25	0.00
237	52.45	0.00
238	52.30	0.00
239	51.87	0.00
240	50.97	0.00
241	50.89	0.00
242	51.36	0.00
243	50.61	0.00
244	50.25	0.00
245	50.86	0.00
246	50.57	0.00
247	49.74	0.00
248	49.35	0.00
249	49.85	-0.16
250	48.84	-0.24
251	49.75	-0.27
252	49.40	-0.33
253	49.22	-0.24
254	49.07	-0.40
255	49.06	-0.47
256	48.73	-0.40
257	48.95	-0.45
258	49.31	-0.38
259	48.62	-0.32
260	49.25	-0.33
261	48.77	-0.31
262	48.63	-0.23
263	48.89	-0.37
264	48.72	-0.31
265	48.52	-0.16
266	48.94	-0.14
267	49.14	-0.16
268	48.93	-0.03
269	48.45	-0.10
270	48.99	-0.03
271	48.63	0.07
272	49.31	0.40
273	49.21	0.54
274	49.86	0.93
275	49.58	0.95
276	50.26	1.02
277	49.35	0.82
278	49.49	0.67
279	49.00	0.36
280	48.76	0.15
281	48.65	0.00
282	48.27	0.00
283	48.63	0.00
284	48.18	0.00
285	48.47	0.00
286	48.43	0.00
287	48.14	0.00
288	48.22	0.00
289	48.05	-0.05
290	48.32	-0.05
291	48.04	-0.04
292	47.92	-0.10
293	48.15	-0.20
294	47.70	-0.29
295	47.82	-0.32
296	47.64	-0.38
297	47.59	-0.33
298	47.76	-0.42
299	47.67	-0.30
300	47.18	-0.22
301	47.95	-0.18
302	47.71	-0.12
303	47.81	0.01
304	47.78	-0.18
305	47.70	-0.23
306	47.13	-0.28
307	47.31	-0.44
308	47.40	-0.46
309	47.04	-0.38
310	47.61	-0.39
311	47.47	-0.75
312	47.21	-11.65
